1 0.999735 
3 0.999872 
5 0.998503 
4 0.998515 
14 0.998243 
2 0.999713 
7 0.999948 
6 0.998560 
0 0.999870 
15 0.999970 
9 0.999916 
8 0.999472 
13 0.999713 
10 0.999018 
12 0.999661 
11 0.999024 
16 0.999909 
19 0.999739 
18 0.999278 
21 0.999530 
20 0.999895 
17 0.999834 
23 0.999894 
24 0.999949 
26 0.999949 
22 0.999230 
25 0.999704 
27 0.999790 
28 0.999994 
29 0.999554 
31 0.999682 
30 0.999129 
32 0.999333 
34 0.999474 
33 0.998986 
35 0.999779 
36 0.998911 
38 0.999816 
37 0.999776 
39 0.999435 
40 0.999934 
41 0.999953 
42 0.998546 
43 0.999402 
44 0.999440 
45 0.999494 
46 0.999601 
47 0.999941 
48 0.999622 
49 0.998630 
51 0.999888 
50 0.999800 
52 0.999609 
53 0.999830 
54 0.999119 
55 0.999862 
56 0.999635 
57 0.999437 
58 0.999761 
59 0.999628 
61 0.999996 
60 0.999568 
62 0.999547 
63 0.999986 
64 0.999328 
65 0.999876 
66 0.999576 
67 0.999359 
68 0.999155 
69 0.999415 
70 0.999555 
71 0.997236 
72 0.999267 
73 0.999969 
74 0.999316 
75 0.999798 
76 0.999923 
77 0.999758 
78 0.999365 
79 0.999952 
80 0.999621 
81 0.999816 
82 0.999891 
83 0.998308 
84 0.999305 
85 0.999874 
86 0.999436 
87 0.999390 
88 0.999660 
89 0.999771 
90 0.999945 
91 0.999497 
92 0.999624 
93 0.998457 
94 0.999922 
95 0.999055 
96 0.998841 
97 0.999600 
98 0.999540 
99 0.998464 
100 0.999581 
101 0.999460 
102 0.999388 
103 0.999661 
104 0.999587 
105 0.999662 
106 0.999079 
107 0.998485 
108 0.999859 
109 0.999221 
110 0.999186 
111 0.999336 
112 0.999854 
113 0.998945 
114 0.999959 
115 0.999480 
116 0.999994 
117 0.999021 
118 0.999533 
119 0.999876 
120 0.999742 
121 0.999700 
122 0.999539 
123 0.999808 
124 0.999790 
125 0.999910 
126 0.999024 
127 0.999484 
128 0.999507 
129 0.999867 
130 0.999578 
131 0.999969 
132 0.999759 
133 0.999340 
134 0.999416 
135 0.999901 
136 0.999274 
137 0.999945 
138 0.999408 
139 0.998716 
140 0.999687 
141 0.999902 
142 0.999826 
143 0.999820 
144 0.999920 
145 0.999694 
146 0.999859 
147 0.998304 
148 0.999853 
149 0.999974 
150 0.999453 
151 0.998934 
152 0.999616 
153 0.999848 
154 0.999887 
155 0.999877 
156 0.999555 
157 0.999987 
158 0.999565 
159 0.998492 
160 0.999444 
161 0.999938 
162 0.999940 
163 0.999899 
164 0.999901 
165 0.999737 
166 0.999738 
167 0.999950 
168 0.999810 
169 0.999271 
170 0.998350 
171 0.999766 
172 0.999642 
173 0.999822 
174 0.999801 
175 0.998732 
176 0.999680 
177 0.999382 
178 0.999602 
179 0.999733 
180 0.998417 
181 0.998941 
182 0.997567 
183 0.999588 
184 0.999600 
185 0.999895 
186 0.999788 
187 0.999808 
188 0.998334 
189 0.999601 
190 0.999914 
191 0.999863 
192 0.998516 
193 0.999997 
194 0.999942 
195 0.999469 
196 0.999371 
197 0.999613 
198 0.999062 
199 0.999770 
200 0.999767 
201 0.999571 
202 0.999263 
203 0.999935 
204 0.999521 
205 0.999952 
206 0.999978 
207 0.999809 
208 0.999818 
209 0.999691 
210 0.999901 
211 0.999872 
212 0.999296 
213 0.999325 
214 0.997384 
215 0.999306 
216 0.999968 
217 0.999675 
218 0.998717 
219 0.998943 
220 0.999625 
221 0.999939 
222 0.999924 
223 0.999491 
224 0.999860 
225 0.999798 
226 0.999541 
227 0.999697 
228 0.999455 
229 0.999980 
230 0.999772 
231 0.999458 
232 0.998776 
233 0.999666 
234 0.999469 
235 0.999796 
236 0.998161 
237 0.999532 
238 0.999955 
239 0.999963 
240 0.999852 
241 0.999987 
242 0.999521 
243 0.999810 
244 0.999930 
245 0.999955 
246 0.997305 
247 0.999258 
248 0.999677 
249 0.999716 
250 0.999988 
251 0.999967 
252 0.999807 
253 0.999668 
254 0.999865 
255 0.999376 
256 0.999659 
257 0.999641 
258 0.998445 
259 0.999915 
260 0.999412 
261 0.999984 
262 0.999880 
263 0.999998 
264 0.999441 
265 0.999837 
266 0.998991 
267 0.999937 
268 0.999995 
269 0.999716 
270 0.999894 
271 0.999888 
272 0.999588 
273 0.999114 
274 0.999480 
275 0.999976 
276 0.998516 
277 0.999993 
278 0.999659 
279 0.998778 
280 0.999953 
281 0.999325 
282 0.999764 
283 0.999889 
284 0.999459 
285 0.999827 
286 0.997888 
287 0.999544 
288 0.999335 
289 0.999735 
290 0.999710 
291 0.999861 
292 0.998788 
293 0.999100 
294 0.999974 
295 0.999282 
296 0.999948 
297 0.999535 
298 0.998998 
299 0.998768 
300 0.999928 
301 0.999882 
302 0.999640 
303 0.999075 
304 0.999647 
305 0.997822 
306 0.997875 
307 0.999635 
308 0.999919 
309 0.998966 
310 0.999874 
311 0.999244 
312 0.999741 
313 0.999320 
314 0.998283 
315 0.999971 
316 0.999519 
317 0.999619 
318 0.999757 
319 0.999660 
320 0.998969 
321 0.999900 
322 0.998851 
323 0.999500 
324 0.999310 
325 0.998896 
326 0.999167 
327 0.999874 
328 0.999713 
329 0.999986 
330 0.999692 
331 0.999870 
332 0.999292 
333 0.999744 
334 0.999937 
335 0.999407 
336 0.999811 
337 0.999993 
338 0.999988 
339 0.999959 
340 0.999452 
341 0.999814 
342 0.999995 
343 0.999647 
344 0.999503 
345 0.999677 
346 0.998671 
347 0.999608 
348 0.999495 
349 0.999929 
350 0.999860 
351 0.999706 
352 0.998665 
353 0.999221 
354 0.998625 
355 0.999717 
356 0.999983 
357 0.997876 
358 0.999352 
359 0.999310 
360 0.999218 
361 0.999931 
362 0.999952 
363 0.998904 
364 0.999915 
365 0.999685 
366 0.999808 
367 0.997465 
368 0.999691 
369 0.999830 
370 0.999570 
371 0.999854 
372 0.999597 
373 0.999728 
374 0.999318 
375 0.998676 
376 0.999291 
377 0.999941 
378 0.998280 
379 0.999922 
380 0.999827 
381 0.999677 
382 0.999650 
383 0.998245 
384 0.999839 
385 0.999854 
386 0.999832 
387 0.999511 
388 0.999514 
389 0.999831 
390 0.999819 
391 0.999819 
392 0.999592 
393 0.999934 
394 0.999512 
395 0.999483 
396 0.999417 
397 0.999911 
398 0.999410 
399 0.999738 
400 0.999510 
401 0.999513 
402 0.999920 
403 0.999233 
404 0.999499 
405 0.999447 
406 0.999895 
407 0.999903 
408 0.999279 
409 0.999449 
410 0.998799 
411 0.999865 
412 0.999818 
413 0.998669 
414 0.999590 
415 0.999246 
416 0.999318 
417 0.999670 
418 0.999898 
419 0.999802 
420 0.999947 
421 0.998819 
422 0.999773 
423 0.999879 
424 0.999242 
425 0.999980 
426 0.999136 
427 0.999682 
428 0.999714 
429 0.999238 
430 0.999829 
431 0.999708 
432 0.999933 
433 0.999685 
434 0.999539 
435 0.999909 
436 0.999557 
437 0.999425 
438 0.998169 
439 0.999521 
440 0.999824 
441 0.999757 
442 0.999688 
443 0.999187 
444 0.999790 
445 0.999985 
446 0.999610 
447 0.998268 
448 0.998585 
449 0.999497 
450 0.999982 
451 0.999063 
452 0.999551 
453 0.999987 
454 0.999734 
455 0.999579 
456 0.999606 
457 0.999649 
458 0.999709 
459 0.999713 
460 0.999689 
461 0.999790 
462 0.999582 
463 0.999736 
464 0.999800 
465 0.999951 
466 0.999486 
467 0.999615 
468 0.999567 
469 0.998508 
470 0.999522 
471 0.998172 
472 0.999774 
473 0.999731 
474 0.998848 
475 0.999247 
476 0.999926 
477 0.999597 
478 0.999586 
479 0.999868 
480 0.999421 
481 0.999563 
482 0.998908 
483 0.997711 
484 0.999404 
485 0.999792 
486 0.999286 
487 0.998226 
488 0.999753 
489 0.999816 
490 0.999187 
491 0.999896 
492 0.999737 
493 0.999956 
494 0.999532 
495 0.999541 
496 0.999822 
497 0.999509 
498 0.999422 
499 0.999873 
500 0.999346 
501 0.999630 
502 0.999892 
503 0.999922 
504 0.999761 
505 0.999061 
506 0.999999 
507 0.999755 
508 0.999707 
509 0.999618 
510 0.999516 
511 0.998400 
512 0.999616 
513 0.999219 
514 0.999826 
515 0.999961 
516 0.997416 
517 0.999761 
518 0.999008 
519 0.999361 
520 0.999096 
521 0.999830 
522 0.999996 
523 0.999743 
524 0.998316 
525 0.999751 
526 0.999780 
527 0.999116 
528 0.998952 
529 0.998931 
530 0.998409 
531 0.999905 
532 0.999348 
533 0.999779 
534 0.999783 
535 0.999812 
536 0.999825 
537 0.999863 
538 0.999756 
539 0.999471 
540 0.999763 
541 0.999743 
542 0.999805 
543 0.999712 
544 0.997469 
545 0.999704 
546 0.999958 
547 0.999835 
548 0.999849 
549 0.999413 
550 0.999911 
551 0.999746 
552 0.999623 
553 0.999439 
554 0.999569 
555 0.999771 
556 0.998756 
557 0.999412 
558 0.999182 
559 0.999725 
560 0.999654 
561 0.999995 
562 0.999982 
563 0.999920 
564 0.999975 
565 0.999576 
566 0.999947 
567 0.999591 
568 0.999312 
569 0.999580 
570 0.999670 
571 0.999201 
572 0.999667 
573 0.999982 
574 0.999175 
575 0.999253 
576 0.999906 
577 0.999979 
578 0.999239 
579 0.999497 
580 0.999556 
581 0.999454 
582 0.999971 
583 0.999100 
584 0.999927 
585 0.999983 
586 0.999463 
587 0.998889 
588 0.999794 
589 0.999312 
590 0.999998 
591 0.999929 
592 0.999922 
593 0.999587 
594 0.999939 
595 0.999119 
596 0.999866 
597 0.999361 
598 0.999998 
599 0.999455 
600 0.999611 
601 0.998066 
602 0.999705 
603 0.999573 
604 0.999852 
605 0.999845 
606 0.999898 
607 0.998534 
608 0.998163 
609 0.998022 
610 0.999979 
611 0.999926 
612 0.999600 
613 0.999678 
614 0.998832 
615 0.999952 
616 0.999679 
617 0.999978 
618 0.998720 
619 0.999561 
620 0.997949 
621 0.999930 
622 0.998844 
623 0.999251 
624 0.999316 
625 0.999891 
626 0.999840 
627 0.998821 
628 0.997216 
629 0.999740 
630 0.999898 
631 0.999928 
632 0.999827 
633 0.999128 
634 0.999207 
635 0.999917 
636 0.998672 
637 0.999806 
638 0.999682 
639 0.999774 
640 0.999767 
641 0.999741 
642 0.999457 
643 0.999081 
644 0.999111 
645 0.999326 
646 0.999890 
647 0.997786 
648 0.999849 
649 0.999212 
650 0.999065 
651 0.999660 
652 0.999837 
653 0.999048 
654 0.999162 
655 0.999907 
656 0.999998 
657 0.999698 
658 0.999573 
659 0.999020 
660 0.999933 
661 0.999871 
662 0.999761 
663 0.999996 
664 0.998802 
665 0.999354 
666 0.999005 
667 0.999386 
668 0.999971 
669 0.998451 
670 0.999458 
671 0.999569 
672 0.999920 
673 0.999520 
674 0.999724 
675 0.999422 
676 0.999679 
677 0.999910 
678 0.999671 
679 0.999518 
680 0.997698 
681 0.999914 
682 0.999982 
683 0.999832 
684 0.999888 
685 0.999986 
686 0.999748 
687 0.999183 
688 0.999664 
689 0.999919 
690 0.998487 
691 0.999838 
692 0.999710 
693 0.999102 
694 0.999116 
695 0.999673 
696 0.999275 
697 0.999842 
698 0.999492 
699 0.999479 
700 0.999718 
701 0.999957 
702 0.999227 
703 0.999820 
704 0.999781 
705 0.999157 
706 0.999591 
707 0.999742 
708 0.998445 
709 0.998819 
710 0.999957 
711 0.998866 
712 0.999826 
713 0.999040 
714 0.998856 
715 0.999435 
716 0.999627 
717 0.997577 
718 0.999928 
719 0.999986 
720 0.999696 
721 0.999463 
722 0.999841 
723 0.999809 
724 0.999278 
725 0.999407 
726 0.999949 
727 0.999894 
728 0.999234 
729 0.999638 
730 0.999636 
731 0.999610 
732 0.999207 
733 0.999611 
734 0.999917 
735 0.999199 
736 0.999577 
737 0.999992 
738 0.999879 
739 0.999840 
740 0.999850 
741 0.999881 
742 0.999834 
743 0.999053 
744 0.999952 
745 0.999802 
746 0.999876 
747 0.998231 
748 0.999760 
749 0.999838 
750 0.999870 
751 0.998728 
752 0.999394 
753 0.999639 
754 0.999804 
755 0.999660 
756 0.999354 
757 0.998906 
758 0.999776 
759 0.999251 
760 0.999160 
761 0.998093 
762 0.999665 
763 0.999529 
764 0.999156 
765 0.999292 
766 0.999867 
767 0.999891 
768 0.999168 
769 0.999646 
770 0.999752 
771 0.999399 
772 0.999674 
773 0.999716 
774 0.999988 
775 0.999335 
776 0.999937 
777 0.998923 
778 0.999769 
779 0.999111 
780 0.999875 
781 0.999842 
782 0.999989 
783 0.999939 
784 0.999220 
785 0.999929 
786 0.999413 
787 0.999663 
788 0.999838 
789 0.999921 
790 0.999973 
791 0.999513 
792 0.999921 
793 0.999840 
794 0.998769 
795 0.997707 
796 0.999891 
797 0.999943 
798 0.999728 
799 0.999083 
800 0.999829 
801 0.998477 
802 0.999926 
803 0.998724 
804 0.999780 
805 0.999697 
806 0.999971 
807 0.999390 
808 0.998936 
809 0.999592 
810 0.999596 
811 0.999831 
812 0.998816 
813 0.999785 
814 0.999127 
815 0.998741 
816 0.998791 
817 0.999665 
818 0.999390 
819 0.999751 
820 0.999922 
821 0.999801 
822 0.999645 
823 0.999355 
824 0.999892 
825 0.999997 
826 0.998269 
827 0.999710 
828 0.999850 
829 0.999561 
830 0.999777 
831 0.999734 
832 0.999710 
833 0.998678 
834 0.998736 
835 0.999957 
836 0.999404 
837 0.999904 
838 0.999446 
839 0.999662 
840 0.999219 
841 0.998685 
842 0.999783 
843 0.999624 
844 0.999705 
845 0.999773 
846 0.999825 
847 0.999467 
848 0.998688 
849 0.999829 
850 0.999720 
851 0.999747 
852 0.999752 
853 0.999520 
854 0.999682 
855 0.999556 
856 0.999696 
857 0.999245 
858 0.999691 
859 0.998627 
860 0.999548 
861 0.999293 
862 0.999396 
863 0.999763 
864 0.999751 
865 0.999951 
866 0.998804 
867 0.999160 
868 0.999477 
869 0.999894 
870 0.999316 
871 0.999883 
872 0.999519 
873 0.999019 
874 0.999859 
875 0.999893 
876 0.999789 
877 0.999545 
878 0.999556 
879 0.999959 
880 0.999615 
881 0.999090 
882 0.999399 
883 0.999835 
884 0.999727 
885 0.999724 
886 0.999861 
887 0.998270 
888 0.999835 
889 0.999797 
890 0.999907 
891 0.998805 
892 0.999886 
893 0.999839 
894 0.999576 
895 0.999988 
896 0.999538 
897 0.998946 
898 0.999312 
899 0.999383 
900 0.999807 
901 0.999958 
902 0.999656 
903 0.999382 
904 0.999930 
905 0.999985 
906 0.999802 
907 0.999990 
908 0.999699 
909 0.998989 
910 0.999341 
911 0.999181 
912 0.999645 
913 0.998704 
914 0.999919 
915 0.999775 
916 0.998598 
917 0.999317 
918 0.999929 
919 0.999617 
920 0.999512 
921 0.998274 
922 0.999298 
923 0.999955 
924 0.998611 
925 0.999880 
926 0.999952 
927 0.999835 
928 0.999864 
929 0.999929 
930 0.999549 
931 0.998924 
932 0.999694 
933 0.999530 
934 0.998948 
935 0.998977 
936 0.999958 
937 0.999274 
938 0.999811 
939 0.999986 
940 0.997604 
941 0.999996 
942 0.999647 
943 0.999990 
944 0.999985 
945 0.999979 
946 0.997505 
947 0.999032 
948 0.999987 
949 0.999515 
950 0.999431 
951 0.999408 
952 0.999999 
953 0.999947 
954 0.998275 
955 0.998740 
956 0.999806 
957 0.999155 
958 0.999326 
959 0.999498 
960 0.999817 
961 0.998651 
962 0.998983 
963 0.999767 
964 0.999021 
965 0.999729 
966 0.997606 
967 0.999496 
968 0.998912 
969 0.999859 
970 0.999756 
971 0.999805 
972 0.999505 
973 0.999816 
974 0.999970 
975 0.999616 
976 0.999966 
977 0.999771 
978 0.998516 
979 0.999785 
980 0.997959 
981 0.999973 
982 0.998528 
983 0.999836 
984 0.999064 
985 0.999724 
986 0.999964 
987 0.999917 
988 0.999449 
989 0.999992 
990 0.998925 
991 0.998848 
992 0.999600 
993 0.999563 
994 0.999634 
995 0.999476 
996 0.998743 
997 0.998650 
998 0.999427 
999 0.999211 
1000 0.998337 
1001 0.999673 
1002 0.999716 
1003 0.998800 
1004 0.999556 
1005 0.999303 
1006 0.999525 
1007 0.999929 
1008 0.999166 
1009 1.000000 
1010 0.999757 
1011 0.999752 
1012 0.999285 
1013 0.999988 
1014 0.999750 
1015 0.999588 
1016 0.999400 
1017 0.999387 
1018 0.999483 
1019 0.999387 
1020 0.999111 
1021 0.999001 
1022 0.999922 
1023 0.998718 
1024 0.999905 
1025 0.999880 
1026 0.999988 
1027 0.999981 
1028 0.999233 
1029 0.999581 
1030 0.998668 
1031 0.999444 
1032 0.999765 
1033 0.999410 
1034 0.999648 
1035 0.999765 
1036 0.999692 
1037 0.999620 
1038 0.999661 
1039 0.999116 
1040 0.999886 
1041 0.999507 
1042 0.999802 
1043 0.999997 
1044 0.999859 
1045 0.999978 
1046 0.999969 
1048 0.999917 
1047 0.999933 
1049 0.999775 
1050 0.999380 
1051 0.998561 
1052 0.999324 
1053 0.999746 
1054 0.999952 
1055 0.999930 
1056 0.999688 
1057 0.999675 
1058 0.999497 
1059 0.999907 
1060 0.999973 
1061 0.999290 
1062 0.999616 
1063 0.998568 
1064 0.997960 
1065 0.999699 
1066 0.999579 
1067 0.999979 
1068 0.999736 
1069 0.999070 
1070 0.999951 
1071 0.997342 
1072 0.999326 
1074 0.999897 
1073 0.999666 
1075 0.998834 
1076 0.998765 
1077 0.999960 
1078 0.999386 
1079 0.999902 
1080 0.999814 
1081 0.999823 
1082 0.998762 
1083 0.999904 
1084 0.999354 
1085 0.999206 
1086 0.999374 
1087 0.996494 
1088 1.000000 
1089 0.999574 
1090 0.999077 
1091 0.999827 
1092 0.999423 
1093 0.999239 
1094 0.999976 
1095 0.999838 
1096 0.999526 
1097 0.998850 
1098 0.999507 
1099 0.999534 
1100 0.999672 
1101 0.998080 
1102 0.999748 
1103 0.999991 
1104 0.998972 
1105 0.999728 
1106 0.999390 
1107 0.999083 
1108 0.999658 
1109 0.999919 
1110 0.999842 
1111 0.998039 
1112 0.999434 
1113 0.999937 
1114 0.999919 
1115 0.999355 
1116 0.999326 
1117 0.999833 
1118 0.999660 
1119 0.998438 
1120 0.998346 
1121 0.999367 
1122 0.999661 
1123 0.999996 
1124 0.999979 
1125 0.999991 
1126 0.999611 
1127 0.999911 
1128 0.998933 
1129 0.999961 
1130 0.999359 
1131 0.999876 
1132 0.999939 
1133 0.999465 
1134 0.999756 
1135 0.999120 
1136 0.999771 
1137 0.999926 
1138 0.999722 
1139 0.999504 
1140 0.999504 
1141 0.999992 
1142 0.999832 
1143 0.999826 
1144 0.999768 
1145 0.998364 
1146 0.999187 
1147 0.999696 
1148 0.999861 
1149 0.999133 
1150 0.998004 
1151 0.999811 
1152 0.998832 
1153 0.999448 
1154 0.998861 
1155 0.999814 
1156 0.999355 
1157 0.999563 
1158 0.999484 
1159 0.999880 
1160 0.999804 
1161 0.999648 
1162 0.999928 
1163 0.999817 
1164 0.999757 
1165 0.999918 
1166 0.999747 
1167 0.999063 
1168 0.999750 
1169 0.999742 
1170 0.999630 
1171 0.999672 
1172 0.999967 
1174 0.999624 
1173 0.999926 
1175 0.999941 
1176 0.995248 
1177 0.998449 
1178 0.999566 
1179 0.999478 
1180 0.998631 
1181 0.999993 
1182 0.998593 
1183 0.999876 
1184 0.999641 
1185 0.999104 
1186 0.999425 
1187 0.999281 
1188 0.999863 
1189 0.999838 
1190 0.999721 
1191 0.999910 
1192 0.999353 
1193 0.999515 
1194 0.999492 
1195 0.999898 
1196 0.999825 
1197 0.999715 
1198 0.999861 
1199 0.999642 
1200 0.999762 
1201 0.999235 
1202 0.998739 
1203 0.998708 
1204 0.999612 
1205 0.999796 
1206 0.999215 
1207 0.999741 
1208 0.999498 
1209 0.998919 
1210 0.999381 
1211 0.999248 
1212 0.999806 
1213 0.999705 
1214 0.999122 
1215 0.999456 
1216 0.999971 
1217 0.999987 
1218 0.999553 
1219 0.999838 
1220 0.999595 
1221 0.999342 
1222 0.998468 
1223 0.999857 
1224 0.999925 
1225 0.997062 
1226 0.999607 
1227 0.999927 
1228 0.999601 
1229 0.998506 
1230 0.999814 
1231 0.999921 
1232 0.999891 
1233 0.999683 
1234 0.999763 
1235 0.999515 
1236 0.999773 
1237 0.999428 
1238 0.999445 
1239 0.998986 
1240 0.998827 
1241 0.998747 
1242 0.999888 
1243 0.999209 
1244 0.999658 
1245 0.999926 
1246 0.999801 
1247 0.999294 
1248 0.999818 
1249 0.999929 
1250 0.999790 
1251 0.999826 
1252 0.999990 
1253 0.999882 
1254 0.999633 
1255 0.999928 
1256 0.999879 
1257 0.999868 
1258 0.998927 
1259 0.999731 
1260 0.999939 
1261 0.999805 
1262 0.999727 
1263 0.999941 
1264 0.999171 
1265 0.999184 
1266 0.999293 
1267 0.999878 
1268 0.999535 
1269 0.999838 
1270 0.999695 
1271 0.999816 
1272 0.999721 
1273 0.999534 
1274 0.999617 
1275 0.999489 
1276 0.999906 
1277 0.999987 
1278 0.999962 
1279 0.998822 
1280 0.999369 
1281 0.999456 
1282 0.999781 
1284 0.999185 
1283 0.999406 
1285 0.997897 
1286 0.999699 
1287 0.998654 
1288 0.999563 
1289 0.999883 
1290 0.999144 
1291 0.999322 
1292 0.999997 
1293 0.999112 
1294 0.999547 
1295 0.999456 
1296 0.999989 
1297 0.998930 
1298 0.999506 
1299 0.999818 
1300 0.999720 
1301 0.999903 
1302 0.999603 
1303 0.999925 
1304 0.999965 
1305 0.999888 
1306 0.998700 
1307 0.999540 
1308 0.998701 
1309 0.999849 
1310 0.999759 
1311 0.999856 
1312 0.999546 
1313 0.999843 
1314 0.999548 
1315 0.999822 
1316 0.999643 
1317 0.999867 
1318 0.999954 
1319 0.998440 
1320 0.999725 
1321 0.998443 
1322 0.999781 
1323 0.999074 
1324 0.999834 
1325 0.999762 
1326 0.999951 
1327 0.999346 
1328 0.999308 
1329 0.999869 
1330 0.999007 
1331 0.999925 
1332 0.999885 
1333 0.999372 
1334 0.999263 
1335 0.999540 
1336 0.999621 
1337 0.999665 
1338 0.999376 
1339 0.999828 
1340 0.999997 
1341 0.999475 
1342 0.999683 
1343 0.999135 
1344 1.000000 
1345 0.998555 
1346 0.999956 
1347 0.999965 
1348 0.999453 
1349 0.999490 
1350 0.999983 
1351 0.999746 
1352 0.999600 
1353 0.999963 
1354 0.999095 
1355 0.998822 
1356 0.999281 
1357 0.999519 
1358 0.998015 
1359 0.999981 
1360 0.999515 
1361 0.999372 
1362 0.999924 
1363 0.999996 
1364 0.999785 
1365 0.999897 
1366 0.999280 
1367 0.999962 
1368 0.999556 
1369 0.999406 
1370 0.999770 
1371 0.999371 
1372 0.999908 
1373 0.998869 
1374 0.999617 
1375 0.999945 
1376 0.998915 
1377 0.999577 
1378 0.999814 
1379 0.999744 
1380 0.999630 
1381 0.998959 
1382 0.999682 
1383 0.999466 
1384 0.999764 
1385 0.999968 
1386 0.999944 
1387 0.999951 
1388 0.997758 
1389 0.999931 
1390 0.999957 
1391 0.999605 
1392 0.999034 
1393 0.999867 
1394 0.999321 
1395 0.999451 
1396 0.999101 
1397 0.999337 
1398 0.999895 
1399 0.999981 
1400 0.999814 
1401 0.999561 
1402 0.999612 
1403 0.998680 
1404 0.999430 
1405 0.999630 
1406 0.999542 
1407 0.999689 
1408 0.999645 
1409 0.999864 
1410 0.999452 
1411 0.999741 
1412 0.999566 
1413 0.999540 
1414 0.998340 
1415 0.999298 
1416 0.999536 
1417 0.999388 
1418 0.999891 
1419 0.999897 
1420 0.999707 
1421 0.999732 
1422 0.999936 
1423 0.999691 
1424 0.998812 
1425 0.999791 
1426 0.999390 
1427 0.999187 
1428 0.999908 
1429 0.999971 
1430 0.998583 
1431 0.998884 
1432 0.999791 
1433 0.999956 
1434 0.999517 
1435 0.998957 
1436 0.999797 
1437 0.999781 
1438 0.999842 
1439 0.998726 
1440 0.999382 
1441 0.999584 
1442 0.999645 
1443 0.999500 
1444 0.999776 
1445 0.999280 
1446 0.999964 
1447 0.999630 
1448 0.998974 
1449 0.999944 
1450 0.999986 
1451 0.998102 
1452 0.999955 
1453 0.999991 
1454 0.999933 
1455 0.999661 
1456 0.999911 
1457 0.999661 
1458 0.999384 
1459 0.999017 
1460 0.999842 
1461 0.999497 
1462 0.999555 
1463 0.999568 
1464 0.999400 
1465 0.999957 
1466 0.999184 
1467 0.999938 
1468 0.999873 
1469 0.999549 
1470 0.999461 
1471 0.999642 
1472 0.999751 
1473 0.999951 
1474 0.999948 
1475 0.997792 
1476 0.999841 
1477 0.999832 
1478 0.999191 
1479 0.998741 
1480 0.999949 
1481 0.999286 
1482 0.999881 
1483 0.999968 
1484 0.999955 
1485 0.999980 
1486 0.999717 
1487 0.999840 
1488 0.998738 
1489 0.999889 
1490 0.999935 
1491 0.999592 
1492 0.999387 
1493 0.999612 
1494 0.999676 
1495 0.999438 
1496 0.999687 
1497 0.999993 
1498 0.999947 
1499 0.999611 
1500 0.999984 
1501 0.999821 
1502 0.999780 
1503 0.999535 
1504 0.999454 
1505 0.999958 
1506 0.999689 
1507 0.999950 
1508 0.999950 
1509 0.999427 
1510 0.999528 
1511 0.999704 
1512 0.998310 
1513 0.999792 
1514 0.999295 
1515 0.999944 
1516 0.999529 
1517 0.999579 
1518 0.999870 
1519 0.999647 
1520 0.999468 
1521 0.999967 
1522 0.999346 
1523 0.999652 
1524 0.999537 
1525 0.999740 
1526 0.999360 
1527 0.999590 
1528 0.999313 
1529 0.997545 
1530 0.999898 
1531 0.999716 
1532 0.999115 
1533 0.999371 
1534 0.999778 
1535 0.999411 
1536 0.998614 
1537 0.999642 
1538 0.999294 
1539 0.999329 
1540 0.999664 
1541 0.999393 
1542 0.999726 
1543 0.999910 
1544 0.999117 
1545 0.999181 
1546 0.998959 
1547 0.999900 
1548 0.999101 
1549 0.999895 
1550 0.999860 
1551 0.999684 
1552 0.999372 
1553 0.999877 
1554 0.999196 
1555 0.999854 
1556 0.999733 
1557 0.999880 
1558 0.999571 
1559 0.999982 
1560 0.999785 
1561 0.999850 
1562 0.999979 
1563 0.999930 
1564 0.999836 
1565 0.999001 
1566 0.999736 
1567 0.998317 
1568 0.999913 
1569 0.999647 
1570 0.997821 
1571 0.999997 
1572 0.998998 
1573 0.999429 
1574 0.999390 
1575 0.999787 
1576 0.999739 
1577 0.999723 
1578 0.999997 
1579 0.999638 
1580 0.999946 
1581 0.999988 
1582 0.999364 
1583 0.999838 
1584 0.999569 
1585 0.998579 
1586 0.999670 
1587 0.998202 
1588 0.999490 
1589 0.999776 
1590 0.999994 
1591 0.999888 
1592 0.999948 
1593 0.999535 
1594 0.997699 
1595 0.999795 
1596 0.999537 
1597 0.999544 
1598 0.999657 
1599 0.999860 
1600 0.999623 
1601 0.998339 
1602 0.999789 
1603 0.999513 
1604 0.998669 
1605 0.999836 
1606 0.999872 
1607 0.999800 
1608 0.999933 
1609 0.999910 
1610 0.999724 
1611 0.999612 
1612 0.999316 
1613 0.999508 
1614 0.999147 
1615 0.999955 
1616 0.999044 
1617 0.998622 
1618 0.999970 
1619 0.998902 
1620 0.999722 
1621 0.999631 
1622 0.999959 
1623 0.999535 
1624 0.999686 
1625 0.999366 
1626 0.999710 
1627 0.998735 
1628 0.999061 
1629 0.999615 
1630 0.999410 
1631 0.999504 
1632 0.999207 
1633 0.999790 
1634 0.999347 
1635 0.999621 
1636 0.999360 
1637 0.999438 
1638 0.997865 
1639 0.999846 
1640 0.999959 
1641 0.999831 
1642 0.999048 
1643 0.998969 
1644 0.997608 
1645 0.998744 
1646 0.999553 
1647 0.999641 
1648 0.999905 
1649 0.998757 
1650 0.999719 
1651 0.999602 
1652 0.999726 
1653 0.999735 
1654 0.998809 
1655 0.998213 
1656 0.998499 
1657 0.999724 
1658 0.999893 
1659 0.999511 
1660 0.999102 
1661 0.999651 
1662 0.997921 
1663 0.999517 
1664 0.999904 
1665 0.999078 
1666 0.999896 
1667 0.999949 
1668 0.999103 
1669 0.999445 
1670 0.999821 
1671 0.999910 
1672 0.999155 
1673 0.999184 
1674 0.998392 
1675 0.999559 
1676 0.999738 
1677 0.999703 
1678 0.997780 
1679 0.999748 
1680 0.998358 
1681 0.999643 
1682 0.997880 
1683 0.999659 
1684 0.999623 
1685 0.999519 
1686 0.999125 
1687 0.999596 
1688 0.999642 
1689 0.999370 
1690 0.999705 
1691 0.999907 
1692 0.999275 
1693 0.999908 
1694 0.998707 
1695 0.999871 
1696 0.999740 
1697 0.998811 
1698 0.999712 
1699 0.999670 
1700 0.999636 
1701 0.999637 
1702 0.999803 
1703 0.999876 
1704 0.999958 
1705 0.999079 
1706 0.999073 
1707 0.999452 
1708 0.999987 
1709 0.999629 
1710 0.999808 
1711 0.999815 
1712 0.999585 
1713 0.999028 
1714 0.999864 
1715 0.999938 
1716 0.999905 
1717 0.999745 
1718 0.999786 
1719 0.999965 
1720 0.998772 
1721 0.999853 
1722 0.999271 
1723 0.999560 
1724 0.999802 
1725 0.999620 
1726 0.999897 
1727 0.999822 
1728 0.999879 
1729 0.998927 
1730 0.999967 
1731 0.998983 
1732 0.999924 
1733 0.999633 
1734 0.999371 
1735 0.999519 
1736 0.999489 
1737 0.999742 
1738 0.999683 
1739 0.999910 
1740 0.998916 
1741 0.999954 
1742 0.999850 
1743 0.999540 
1744 0.999811 
1745 0.998010 
1746 0.999250 
1747 0.999155 
1748 0.999730 
1749 0.999696 
1750 0.999514 
1751 0.999191 
1752 0.999005 
1753 0.999845 
1754 0.999144 
1755 0.999606 
1756 0.999995 
1757 0.999493 
1758 0.999950 
1759 0.999940 
1760 0.999547 
1761 0.999702 
1762 0.998903 
1763 0.999221 
1764 0.999317 
1765 0.999471 
1766 0.999662 
1767 0.999815 
1768 0.999222 
1769 0.999188 
1770 0.998957 
1771 0.999303 
1772 0.999149 
1773 0.999830 
1774 0.999696 
1775 0.999870 
1776 0.998633 
1777 0.999833 
1778 0.999445 
1779 0.998492 
1780 0.998936 
1781 0.999561 
1782 0.999832 
1783 0.999901 
1784 0.999722 
1785 0.999925 
1786 0.999079 
1787 0.999558 
1788 0.997456 
1789 0.998579 
1791 0.999713 
1790 0.998513 
1792 0.999831 
1793 0.999825 
1794 0.997322 
1795 0.999577 
1796 0.999866 
1797 0.999971 
1798 0.999665 
1799 0.999185 
1800 0.999862 
1801 0.999283 
1802 0.999631 
1803 0.999545 
1804 0.999896 
1805 0.999107 
1806 0.999357 
1807 0.999780 
1808 0.999824 
1809 0.998620 
1810 0.999739 
1811 0.999728 
1812 0.998980 
1813 0.999266 
1814 0.997890 
1815 0.999375 
1816 0.999930 
1817 0.999800 
1818 0.999585 
1819 0.999371 
1820 0.999106 
1821 0.999812 
1822 0.999910 
1823 0.999374 
1824 0.999215 
1825 0.998849 
1826 0.998642 
1827 0.999768 
1828 0.999940 
1829 0.998161 
1830 0.999316 
1831 0.999795 
1832 0.999924 
1833 0.999881 
1834 0.998828 
1835 0.999900 
1836 0.998648 
1837 0.999735 
1838 0.998336 
1839 0.999509 
1840 0.999081 
1841 0.999851 
1842 0.998235 
1843 0.999741 
1844 0.999696 
1845 0.999953 
1846 0.999871 
1847 0.998405 
1848 0.999515 
1849 0.999879 
1850 0.999451 
1851 0.999117 
1852 0.999759 
1853 0.999595 
1854 0.998970 
1855 0.999709 
1856 0.999885 
1857 0.999833 
1858 0.999674 
1859 0.999298 
1860 0.999528 
1861 0.999183 
1862 0.999441 
1863 0.999366 
1864 0.999568 
1865 0.998976 
1866 0.999506 
1867 0.999832 
1868 0.999955 
1869 0.999749 
1870 0.999713 
1871 0.999027 
1872 0.999707 
1873 0.998476 
1874 0.999798 
1875 0.999791 
1876 0.999926 
1877 0.999886 
1878 0.998988 
1879 0.999804 
1880 0.999528 
1881 0.999928 
1882 0.999829 
1883 0.999845 
1884 0.999969 
1885 0.999993 
1886 0.999822 
1887 0.999460 
1888 0.999854 
1889 0.999897 
1890 0.999437 
1891 0.999985 
1892 0.998986 
1893 0.999985 
1894 0.999702 
1895 0.999858 
1896 0.999809 
1897 0.999877 
1898 0.997668 
1899 0.999046 
1900 0.999592 
1901 0.999762 
1902 0.999803 
1903 0.999868 
1904 0.999598 
1905 0.999548 
1906 0.999763 
1907 0.998251 
1908 0.999084 
1909 0.999746 
1910 0.999795 
1911 0.998883 
1912 0.999430 
1913 0.999545 
1914 0.999978 
1915 0.999715 
1916 0.999214 
1917 0.999248 
1918 0.998924 
1919 0.999592 
1920 0.999856 
1921 0.999923 
1922 0.998675 
1923 0.999960 
1924 0.999960 
1925 0.999917 
1926 0.999039 
1927 0.999861 
1928 0.999709 
1929 0.999959 
1930 0.999106 
1931 0.999378 
1932 0.999634 
1933 0.999981 
1934 0.999161 
1935 0.999836 
1936 0.999300 
1937 0.999834 
1938 0.998942 
1939 0.999941 
1940 0.998172 
1941 0.999941 
1942 0.999710 
1943 0.998775 
1944 0.999086 
1945 0.999786 
1946 0.999046 
1947 0.999158 
1948 0.999900 
1949 0.999546 
1950 0.998859 
1951 0.999819 
1952 0.999944 
1953 0.999967 
1954 0.999506 
1955 0.999722 
1956 0.999713 
1957 0.998890 
1958 0.999979 
1959 0.999773 
1960 0.999494 
1961 0.999107 
1962 0.999046 
1963 0.999809 
1964 0.999615 
1965 0.999817 
1966 0.997547 
1967 0.999949 
1968 0.999970 
1969 0.999975 
1970 0.999799 
1971 0.999897 
1972 0.999944 
1973 0.999062 
1974 0.997563 
1975 0.999984 
1976 0.999926 
1977 0.999997 
1978 0.999987 
1979 0.999726 
1980 0.999286 
1981 0.999950 
1982 0.999744 
1983 0.999169 
1984 0.999546 
1985 0.999970 
1986 0.999421 
1987 0.999522 
1988 0.999204 
1989 0.999586 
1990 0.999916 
1991 0.999186 
1992 0.999998 
1993 0.999887 
1994 0.999201 
1995 0.999864 
1996 0.999698 
1997 0.999291 
1998 0.999548 
1999 0.999694 
gpu time: 0.037786
